col{1} = [0 0.4470 0.7410]; % emgvb blue
col{2} = [0.8500 0.3250 0.0980]; 
col{3} = [0.9290 0.6940 0.1250];%mgvb yellow
col{4} = [0.4940 0.1840 0.5560];
col{5} = [0.4660 0.6740 0.1880];
col{6} = [0.3010 0.7450 0.9330];
col{7} = [0.6350 0.0780 0.1840];
col{8} = [0,102,0]/255; % mcmc green
col{9} = 128*ones(1,3)/255;  %gray
